Sigma_Inter	Kuramoto_R	Power_Avg	Shannon_H	Mutual_Info
0.0	0.9999998389400534	5.609876828266919e-9	-0.0	2.851386956391607
0.010101010101010102	0.9999998717348192	9.761947218351142e-5	-0.0	2.848953005532413
0.020202020202020204	0.9999998721108283	0.0003904713999512717	-0.0	2.8579917400574315
0.030303030303030304	0.9999998719800092	0.0008787631601214808	-0.0	2.8562952287025163
0.04040404040404041	0.9999998525279143	0.0015604106518155151	-0.0	2.851476684737849
0.050505050505050504	0.9999998669174258	0.00243756683338647	-0.0	2.854370208032947
0.06060606060606061	0.9999998541989082	0.003507638110115669	-0.0	2.8545870122121446
0.0707070707070707	0.9999998687008842	0.004772126425543938	-0.0	2.847174223019701
0.08080808080808081	0.9999998939374639	0.006227717765034068	-0.0	2.8561945879811974
0.09090909090909091	0.999999881653629	0.007875579198754078	-0.0	2.8575764366980034
0.10101010101010101	0.9999998483716777	0.009713393040635282	-0.0	2.847486601840904
0.1111111111111111	0.9999998829340282	0.011739958248012751	-0.0	2.858795104277204
0.12121212121212122	0.9999998711369232	0.01395510897149487	-0.0	2.8513442004852
0.13131313131313133	0.9999998579711343	0.016354806466055208	-0.0	2.850844875216506
0.1414141414141414	0.9999998677296047	0.01894689657557168	-0.0	2.8539590737018976
0.15151515151515152	0.9999998621838079	0.0217145545545788	-0.0	2.865370470605988
0.16161616161616163	0.9999998857406405	0.024673991439835667	-0.0	2.85343278439052
0.1717171717171717	0.9999998962237608	0.027807537854805213	-0.0	2.859788289875104
0.18181818181818182	0.9999999014326278	0.03111935992025132	-0.0	2.8644911484699893
0.1919191919191919	0.9999998757119007	0.03460527353280361	-0.0	2.8556982421797517
0.20202020202020202	0.9999998831149347	0.03825536481240309	-0.0	2.8518253072274122
0.21212121212121213	0.9999998816974957	0.04209023350464291	-0.0	2.855389557181621
0.2222222222222222	0.9999999006194966	0.046093290467845625	-0.0	2.859255572639695
0.23232323232323232	0.9999998958820933	0.0502639604459122	-0.0	2.856614147057359
0.24242424242424243	0.9999998962162867	0.0545962424993709	-0.0	2.8607502260189244
0.25252525252525254	0.9999998989764558	0.05909290857314529	-0.0	2.860484013090168
0.26262626262626265	0.9999999115247297	0.0637424237364647	-0.0	2.8656067069283337
0.2727272727272727	0.9999998760488589	0.06856097601237982	-0.0	2.858640109903397
0.2828282828282828	0.999999899549224	0.07352042656019385	-0.0	2.8593721105173335
0.29292929292929293	0.9999999161790989	0.07861896317967952	-0.0	2.8605070857491426
0.30303030303030304	0.9999999028711666	0.08388471512060812	-0.0	2.864893703424965
0.31313131313131315	0.9999998864913135	0.08930025089697222	-0.0	2.863235961466528
0.32323232323232326	0.999999907698618	0.09483213215827936	-0.0	2.8568010801580486
0.3333333333333333	0.9999999083973878	0.10052857532817641	-0.0	2.8628897508340394
0.3434343434343434	0.9999999197634397	0.10632539875877696	-0.0	2.8615534477109206
0.35353535353535354	0.9999999062372801	0.11226312995503318	-0.0	2.8593889868398663
0.36363636363636365	0.9999999219244264	0.11835769128176404	-0.0	2.86695005480236
0.37373737373737376	0.9999999266827825	0.12451942611286253	-0.0	2.8598309988922317
0.3838383838383838	0.999999930234899	0.13083639643739142	-0.0	2.861445072333357
0.3939393939393939	0.9999999273029212	0.13723567965983288	-0.0	2.8600356017103103
0.40404040404040403	0.9999999495138412	0.14377126943653504	-0.0	2.8664549818466365
0.41414141414141414	0.9999999294360882	0.150391537414781	-0.0	2.8607776958164686
0.42424242424242425	0.999999927206426	0.15714521685883698	-0.0	2.862756758284869
0.43434343434343436	0.9999999372661987	0.16397953214633817	-0.0	2.861173621515037
0.4444444444444444	0.999999931798513	0.1709274735176809	-0.0	2.8635005996956524
0.45454545454545453	0.999999930487899	0.17789405893375745	-0.0	2.8613828533005092
0.46464646464646464	0.9999999385865694	0.18500495175263276	-0.0	2.8620156309635845
0.47474747474747475	0.9999999347260057	0.19217550356554805	-0.0	2.8588443416632265
0.48484848484848486	0.9999999355945219	0.19942421778129085	-0.0	2.8589253226574955
0.494949494949495	0.99999994329076	0.206743848005744	-0.0	2.8636143872885746
0.5050505050505051	0.9999999414605384	0.2141034404549541	-0.0	2.8637522438696603
0.5151515151515151	0.9999999457001829	0.2215236074669294	-0.0	2.859806305540773
0.5252525252525253	0.9999999497351757	0.2290598069788596	-0.0	2.8581850122762322
0.5353535353535354	0.9999999378014316	0.23661563739845004	-0.0	2.8568227429797064
0.5454545454545454	0.999999950162984	0.24419375198010704	-0.0	2.8640979118034795
0.5555555555555556	0.999999946802875	0.251800391487312	-0.0	2.8602915714385326
0.5656565656565656	0.999999949970894	0.2594423888864119	-0.0	2.857799882697903
0.5757575757575758	0.9999999490625585	0.26719660677022394	-0.0	2.857623696670899
0.5858585858585859	0.9999999482965697	0.27485780232827356	-0.0	2.854331987956172
0.5959595959595959	0.999999948099183	0.28254734375156615	-0.0	2.8524211968661173
0.6060606060606061	0.9999999517014164	0.29036367336436875	-0.0	2.85592239946571
0.6161616161616161	0.9999999511393903	0.2981064919780109	-0.0	2.8490892952000304
0.6262626262626263	0.9999999551351711	0.30580557935407093	-0.0	2.8485238888697664
0.6363636363636364	0.9999999549104618	0.31362820021270393	-0.0	2.848433279489295
0.6464646464646465	0.9999999454071993	0.3213598303481371	-0.0	2.844117351872293
0.6565656565656566	0.9999999530123073	0.3290907160149031	-0.0	2.8437078382985166
0.6666666666666666	0.9999999459581291	0.33681528112319936	-0.0	2.844873619710582
0.6767676767676768	0.9999999460426577	0.34450336349226995	-0.0	2.836699808601167
0.6868686868686869	0.9999999492364434	0.3521764118105458	-0.0	2.8369739090178587
0.696969696969697	0.9999999425586907	0.35973568832790465	-0.0	2.8351000269111677
0.7070707070707071	0.9999999504580352	0.36739829415378217	-0.0	2.830387703976867
0.7171717171717171	0.9999999383335946	0.37491312144889655	-0.0	2.823004067381345
0.7272727272727273	0.9999999290557162	0.38234616297758417	-0.0	2.81913368462584
0.7373737373737373	0.9999999359196858	0.38975141813093583	-0.0	2.814566786095757
0.7474747474747475	0.9999999386631476	0.39725055134927295	-0.0	2.805824326316634
0.7575757575757576	0.9999999280246155	0.40448717353991226	-0.0	2.8093318969914436
0.7676767676767676	0.9999999031574693	0.41169969012710583	-0.0	2.7998172918445814
0.7777777777777778	0.999999913214087	0.41896750487103035	-0.0	2.791541174281087
0.7878787878787878	0.9999999095039305	0.4260868539416633	-0.0	2.7976494008359807
0.797979797979798	0.9999998952685368	0.4329430255995177	-0.0	2.780142969392915
0.8080808080808081	0.9999999019443294	0.4398574955529704	-0.0	2.7718069261939684
0.8181818181818182	0.9999998810625512	0.44665083089661684	-0.0	2.7680411266936744
0.8282828282828283	0.9999998537791711	0.45335703157568247	-0.0	2.755880977639997
0.8383838383838383	0.9999998651501254	0.4600417210772463	-0.0	2.750350161926502
0.8484848484848485	0.9999998788934193	0.46639665859066093	-0.0	2.7438608047190374
0.8585858585858586	0.9999998542208245	0.4727968463261095	-0.0	2.7335495504117633
0.8686868686868687	0.9999998174633865	0.4791882081837517	-0.0	2.717355788381706
0.8787878787878788	0.9999998432040825	0.4852161492523275	-0.0	2.707202101487649
0.8888888888888888	0.9999997994947099	0.4912991237438413	-0.0	2.6808906344265897
0.898989898989899	0.9999997507393307	0.4970522193112326	-0.0	2.6648954743379942
0.9090909090909091	0.9999997520805362	0.5028230769799302	-0.0	2.670181880094723
0.9191919191919192	0.9999997094738728	0.5084653190024296	-0.0	2.6739403239769857
0.9292929292929293	0.9999996581878684	0.5138884027779863	-0.0	2.654588302225862
0.9393939393939394	0.9999997425014078	0.5192070448639193	-0.0	2.66899491577712
0.9494949494949495	0.999999738840718	0.5245568110508952	-0.0	2.676947841840632
0.9595959595959596	0.9999995373195643	0.5294926045785364	-0.0	2.66938043972094
0.9696969696969697	0.9999996217441031	0.5343069916814738	-0.0	2.6732304707692176
0.9797979797979798	0.9999996740114491	0.5391254738428626	-0.0	2.6644169056156923
0.98989898989899	0.999999549265318	0.5436015579036348	-0.0	2.655675959970977
1.0	0.9999994767934267	0.5480354706987312	-0.0	2.667528070838349
