Sigma_Inter	Kuramoto_R	Power_Avg	Shannon_H	Mutual_Info
0.0	0.9999999992269875	6.326574587234529e-10	-0.0	2.297199266130097
0.010101010101010102	0.9999999992905572	5.0663688881891377e-5	-0.0	2.2986622546657953
0.020202020202020204	0.9999999992481553	0.0002026900536898145	-0.0	2.298662254665794
0.030303030303030304	0.9999999991724412	0.0004560210566240611	-0.0	2.299159679972591
0.04040404040404041	0.999999999218405	0.0008104342538388809	-0.0	2.299159679972591
0.050505050505050504	0.9999999991285479	0.001265570950024634	-0.0	2.299159679972591
0.06060606060606061	0.9999999991693255	0.0018214141112246275	-0.0	2.296633159545969
0.0707070707070707	0.9999999991010821	0.00247777887629387	-0.0	2.2917151159258586
0.08080808080808081	0.9999999990980314	0.0032336766499880677	-0.0	2.298672110496471
0.09090909090909091	0.9999999990631503	0.00408988537946328	-0.0	2.298672110496471
0.10101010101010101	0.999999999162262	0.00504445770634581	-0.0	2.298672110496471
0.1111111111111111	0.9999999992756807	0.0060979383337953375	-0.0	2.2976658747275596
0.12121212121212122	0.9999999991541758	0.007248917435436537	-0.0	2.298607269434867
0.13131313131313133	0.9999999991417713	0.008496733630332069	-0.0	2.294205289687692
0.1414141414141414	0.9999999992002745	0.009840950805074015	-0.0	2.294989043302435
0.15151515151515152	0.9999999991802925	0.011281321531457302	-0.0	2.2955153597976237
0.16161616161616163	0.9999999989063639	0.012816274885131013	-0.0	2.2964359875098994
0.1717171717171717	0.9999999988907041	0.014445814811227309	-0.0	2.292634494252321
0.18181818181818182	0.9999999989987561	0.016167690760858198	-0.0	2.2935485600728898
0.1919191919191919	0.9999999987326332	0.0179822481034461	-0.0	2.295254259316422
0.20202020202020202	0.9999999990278571	0.01988626588585174	-0.0	2.2976224585479073
0.21212121212121213	0.9999999989870512	0.021882077598163765	-0.0	2.2956550743050332
0.2222222222222222	0.9999999988501848	0.023965298079984043	-0.0	2.2965278439608428
0.23232323232323232	0.9999999990263765	0.02613610532994115	-0.0	2.2956688237291574
0.24242424242424243	0.9999999988879967	0.028394055356957416	-0.0	2.294080469649495
0.25252525252525254	0.9999999987884748	0.030736525232244755	-0.0	2.2959015112911723
0.26262626262626265	0.9999999987211745	0.03316232186305026	-0.0	2.294611543892006
0.2727272727272727	0.9999999986852011	0.03566939519797612	-0.0	2.2889864305129204
0.2828282828282828	0.9999999987287784	0.038257763644442624	-0.0	2.2948493467597757
0.29292929292929293	0.9999999987045886	0.040927700528467295	-0.0	2.2916051687223935
0.30303030303030304	0.9999999986989762	0.04367181628105641	-0.0	2.292646189878851
0.31313131313131315	0.999999998492461	0.046492639845362824	-0.0	2.2920579299827755
0.32323232323232326	0.9999999987542876	0.04938825366792461	-0.0	2.2919285885101037
0.3333333333333333	0.9999999985941976	0.05235640783771901	-0.0	2.2944113521818363
0.3434343434343434	0.9999999982326943	0.05539481140769094	-0.0	2.288987477524283
0.35353535353535354	0.9999999982561946	0.05850354868366945	-0.0	2.2887205761783074
0.36363636363636365	0.9999999984421825	0.061681328739108365	-0.0	2.289598058286635
0.37373737373737376	0.9999999982685228	0.06492078955987667	-0.0	2.289999796217538
0.3838383838383838	0.9999999981103459	0.06822662123831434	-0.0	2.2901663347894194
0.3939393939393939	0.9999999980168793	0.07159486577371403	-0.0	2.2908178251315565
0.40404040404040403	0.9999999981425677	0.07501962196235204	-0.0	2.2859047162604718
0.41414141414141414	0.9999999981889085	0.07850181709083215	-0.0	2.2887728715064783
0.42424242424242425	0.9999999981221174	0.08204283804658512	-0.0	2.286194991332926
0.43434343434343436	0.9999999976288197	0.08563912510207033	-0.0	2.288474838414403
0.4444444444444444	0.9999999976388351	0.08928039468147393	-0.0	2.287689821092577
0.45454545454545453	0.9999999977994507	0.09297710896819497	-0.0	2.283225119069879
0.46464646464646464	0.9999999973003993	0.09671939974254573	-0.0	2.286820195293232
0.47474747474747475	0.999999997185274	0.10049976985863165	-0.0	2.285293368295025
0.48484848484848486	0.9999999973844597	0.10433010270760497	-0.0	2.2839694901139107
0.494949494949495	0.9999999973598025	0.10820664127981794	-0.0	2.2863606225970026
0.5050505050505051	0.9999999971833247	0.11211069139199875	-0.0	2.280760534065539
0.5151515151515151	0.9999999967022323	0.11605262375777	-0.0	2.283592054852367
0.5252525252525253	0.9999999967286003	0.12002852761586218	-0.0	2.2831450505925726
0.5353535353535354	0.9999999964214852	0.12404156455338657	-0.0	2.2798258114792076
0.5454545454545454	0.9999999964089364	0.12807946032075793	-0.0	2.2803313460495103
0.5555555555555556	0.9999999970090432	0.1321470264914396	-0.0	2.280390173263237
0.5656565656565656	0.9999999963129771	0.13623457947359222	-0.0	2.276044536778334
0.5757575757575758	0.999999996020473	0.14034086917873898	-0.0	2.27605958757944
0.5858585858585859	0.9999999955310491	0.1444697109880164	-0.0	2.2736285662633393
0.5959595959595959	0.9999999945022084	0.1486171646642077	-0.0	2.270636358268531
0.6060606060606061	0.9999999953345873	0.1527844397453341	-0.0	2.270049132237417
0.6161616161616161	0.9999999947037636	0.1569525664985051	-0.0	2.2715729270589144
0.6262626262626263	0.9999999947721753	0.16113983444312385	-0.0	2.2736309385061286
0.6363636363636364	0.9999999945986072	0.16533639753453463	-0.0	2.2698850026864714
0.6464646464646465	0.9999999938024657	0.16952745962868165	-0.0	2.2685393683148254
0.6565656565656566	0.9999999930377883	0.1737258661801711	-0.0	2.267933241477423
0.6666666666666666	0.9999999940951694	0.17792040382549423	-0.0	2.2665073737189347
0.6767676767676768	0.9999999938645003	0.1821122286007631	-0.0	2.2682561219771893
0.6868686868686869	0.9999999928765441	0.18630934962621484	-0.0	2.270712279306761
0.696969696969697	0.9999999937393598	0.19049556429942716	-0.0	2.262187872690917
0.7070707070707071	0.9999999921467833	0.1946645002508737	-0.0	2.2621316784842036
0.7171717171717171	0.9999999930586463	0.1988249671286255	-0.0	2.2609438886487636
0.7272727272727273	0.9999999924792076	0.20298176748049943	-0.0	2.262576904660009
0.7373737373737373	0.9999999913010331	0.20710073786161085	-0.0	2.255416508584646
0.7474747474747475	0.9999999911067357	0.2112087915934938	-0.0	2.2521480056793917
0.7575757575757576	0.9999999892121361	0.21529505244712752	-0.0	2.255124239912161
0.7676767676767676	0.9999999901694657	0.21937474304438578	-0.0	2.252483093950284
0.7777777777777778	0.999999989813765	0.2234056202711168	-0.0	2.25551789875432
0.7878787878787878	0.9999999895841324	0.22741188652941613	-0.0	2.254256417315979
0.797979797979798	0.999999990538985	0.23140995709897239	-0.0	2.2508983357764847
0.8080808080808081	0.9999999894695225	0.23534403629950287	-0.0	2.246979879678722
0.8181818181818182	0.99999998962281	0.23927130383519019	-0.0	2.2489578563880066
0.8282828282828283	0.999999988012249	0.2431506810136781	-0.0	2.244220768549657
0.8383838383838383	0.9999999883898762	0.2469695647523873	-0.0	2.2419048288109718
0.8484848484848485	0.9999999870739413	0.25077223620130196	-0.0	2.238469999910818
0.8585858585858586	0.9999999847346142	0.2545252949484362	-0.0	2.237285064686736
0.8686868686868687	0.9999999867464455	0.25822070421869797	-0.0	2.236977233140434
0.8787878787878788	0.9999999831294741	0.26187850158819354	-0.0	2.235930122293074
0.8888888888888888	0.9999999850458696	0.265501723159037	-0.0	2.2319475685185974
0.898989898989899	0.999999983173175	0.2690599702293258	-0.0	2.22928122912722
0.9090909090909091	0.9999999833304455	0.2725620331592839	-0.0	2.2277221055286316
0.9191919191919192	0.9999999817543667	0.2760049379020103	-0.0	2.223751124600603
0.9292929292929293	0.9999999785834379	0.2794072570785465	-0.0	2.221072808352402
0.9393939393939394	0.9999999805463031	0.2827542635019713	-0.0	2.2188881163335257
0.9494949494949495	0.9999999777359153	0.2860284549865053	-0.0	2.2163561376924608
0.9595959595959596	0.9999999786275439	0.2892336486078633	-0.0	2.2156863118070462
0.9696969696969697	0.9999999781970373	0.2923720565148302	-0.0	2.2167411604433167
0.9797979797979798	0.9999999786825476	0.29546920619519035	-0.0	2.2110247786035195
0.98989898989899	0.9999999722555369	0.29847928405327	-0.0	2.209313684658954
1.0	0.9999999784031577	0.30144540161272926	-0.0	2.2062661435281674
